3.141592653589793238462643383279502884197169399375105820974944592307
816406286208998628034825342117067982148086513282306647093844609550582
23172535940812848111745028410270193852110555964462294895493038196442
88109756659334461284756482337867831652712019091456485669234603486104
54326648213393607260249141273724587006606315588174881520920962829254
09171536436789259036001133053054882046652138414695194151160943305727
03657595919530921861173819326117931051185480744623799627495673518857
52724891227938183011949129833673362440656643086021394946395224737190
70217986094370277053921717629317675238467481846766940513200056812714
52635608277857713427577896091736371787214684409012249534301465495853
71050792279689258923542019956112129021960864034418159813629774771309
96051870721134999999837297804995105973173281609631859502445945534690
83026425223082533446850352619311881710100031378387528865875332083814
20617177669147303598253490428755468731159562863882353787593751957781
8577805321712268066130019278766111959092164201989